ncell = 1000
real_bound = 0.00001
maxgrid = 500
nsteps = 500
plotint = 5
gamma = 0.1 
epsilon = 4.0e-8
dab = 0.00
seed = 10000.0 
dt = 18.0e-9
Vm = 10e-6
ceq = 0.926419701838073 0.8168356840085742
cuc = 0.9096522536263576 0.7726940931499826
A = 59721.9570650345 25453.3049496865
Aeq = 78780.5778648956 33320.2520382586
A_fill = 25453.3049496865
diffusivity = 0.0 1.0e-9
