ncell = 1000
real = 0.00001
maxgrid = 500 
nsteps = 10
plotint = 5
gamma = 0.1 
epsilon = 4.0e-8
dab = 0.01
tau = 3.551e8  
seed = 10000.0 
dt = 18.0e-9
ceq = 0.92642 0.816836
A = 78780.5778648956 33320.2520382586
A_fill =22311.5048039604
diffusivity = 0.0 1.0e-9
